{
  "token_acc":1.0,
  "token_p":1.0,
  "token_r":1.0,
  "token_f":1.0,
  "ents_p":0.9375410914,
  "ents_r":0.9557640751,
  "ents_f":0.9465648855,
  "ents_per_type":{
    "FOOD":{
      "p":0.9375410914,
      "r":0.9557640751,
      "f":0.9465648855
    }
  },
  "speed":29352.9409102088
}